0 0.012276785714285714 0.470734126984127 0.024553571428571428 0.026124338624338623
0 0.022941468253968252 0.4141865079365079 0.045882936507936505 0.06779100529100529
0 0.22643849206349206 0.49189814814814814 0.019345238095238096 0.053902116402116396
0 0.2663690476190476 0.44791666666666663 0.03373015873015873 0.059193121693121686
0 0.29923115079365076 0.5148809523809523 0.022569444444444444 0.046296296296296294
0 0.30084325396825395 0.4227843915343915 0.034722222222222224 0.07242063492063491
0 0.3604910714285714 0.4532076719576719 0.027033730158730156 0.0916005291005291
0 0.3819444444444444 0.44163359788359785 0.011408730158730158 0.030753968253968252
0 0.4091021825396825 0.44576719576719576 0.03844246031746031 0.05952380952380952
0 0.4541170634920635 0.47304894179894175 0.033234126984126984 0.08035714285714285
0 0.48772321428571425 0.46081349206349204 0.043402777777777776 0.09424603174603174
0 0.5028521825396826 0.564484126984127 0.022073412698412696 0.05886243386243386
0 0.5615079365079365 0.5476190476190476 0.037698412698412696 0.0958994708994709
0 0.628844246031746 0.5383597883597884 0.021577380952380952 0.0582010582010582
0 0.5101686507936508 0.40691137566137564 0.027777777777777776 0.05853174603174603
0 0.7344990079365079 0.47304894179894175 0.0890376984126984 0.12202380952380952
0 0.8013392857142857 0.4751984126984127 0.03224206349206349 0.08994708994708994
0 0.9071180555555555 0.5105820105820106 0.022073412698412696 0.046296296296296294
