0 0.10974702380952381 0.6412037037037037 0.043402777777777776 0.09060846560846561
0 0.1566220238095238 0.656084656084656 0.033482142857142856 0.015873015873015872
0 0.14632936507936506 0.6033399470899471 0.030257936507936505 0.023478835978835978
0 0.13541666666666666 0.6311177248677249 0.010912698412698412 0.030753968253968252
0 0.0091765873015873 0.6321097883597884 0.0183531746031746 0.018849206349206348
0 0.2841021825396825 0.45370370370370366 0.013144841269841268 0.02447089947089947
0 0.39112103174603174 0.5109126984126984 0.04464285714285714 0.10714285714285714
0 0.42249503968253965 0.4991732804232804 0.017609126984126984 0.04927248677248677
0 0.41976686507936506 0.4527116402116402 0.021081349206349204 0.041666666666666664
0 0.49826388888888884 0.39533730158730157 0.020833333333333332 0.01488095238095238
0 0.5827132936507936 0.39219576719576715 0.030009920634920632 0.04828042328042328
0 0.576140873015873 0.4538690476190476 0.02132936507936508 0.018849206349206348
0 0.6505456349206349 0.3463955026455026 0.037698412698412696 0.06051587301587301
0 0.6764632936507936 0.32275132275132273 0.017113095238095236 0.02447089947089947
0 0.9304315476190476 0.3204365079365079 0.035962301587301584 0.01984126984126984
0 0.9417162698412698 0.38673941798941797 0.014384920634920634 0.02943121693121693
