0 0.08147321428571429 0.5338955026455026 0.02058531746031746 0.04398148148148148
0 0.15600198412698413 0.4742063492063492 0.03422619047619047 0.022486772486772486
0 0.17993551587301587 0.4388227513227513 0.037450396825396824 0.037037037037037035
0 0.1440972222222222 0.5218253968253967 0.027777777777777776 0.052248677248677246
0 0.2313988095238095 0.4925595238095238 0.0248015873015873 0.03736772486772487
0 0.2788938492063492 0.4975198412698412 0.04290674603174603 0.05125661375661375
0 0.39471726190476186 0.5104166666666666 0.028521825396825396 0.06977513227513227
0 0.4651537698412698 0.5367063492063492 0.027529761904761904 0.06415343915343916
0 0.5550595238095237 0.5884589947089947 0.019345238095238096 0.04794973544973545
0 0.49032738095238093 0.4768518518518518 0.02132936507936508 0.022486772486772486
0 0.5812251984126984 0.5618386243386243 0.024553571428571428 0.07407407407407407
0 0.6940724206349206 0.4973544973544973 0.02405753968253968 0.05489417989417989
0 0.744171626984127 0.5267857142857143 0.019593253968253968 0.021825396825396824
0 0.767609126984127 0.48561507936507936 0.021825396825396824 0.05125661375661375
0 0.8029513888888888 0.517526455026455 0.016617063492063492 0.03306878306878307
0 0.007936507936507936 0.6534391534391534 0.015873015873015872 0.03439153439153439
0 0.20250496031746032 0.5618386243386243 0.027033730158730156 0.05092592592592592
