0 0.007688492063492063 0.47189153439153436 0.015376984126984126 0.07539682539682539
0 0.029389880952380952 0.47470238095238093 0.044394841269841265 0.08498677248677249
0 0.05977182539682539 0.5067791005291005 0.024305555555555552 0.027447089947089946
0 0.07514880952380952 0.44609788359788355 0.04712301587301587 0.0734126984126984
0 0.12958829365079363 0.4196428571428571 0.05778769841269841 0.05886243386243386
0 0.2537202380952381 0.5724206349206349 0.025297619047619048 0.0496031746031746
0 0.30009920634920634 0.5109126984126984 0.047619047619047616 0.07407407407407407
0 0.33221726190476186 0.42857142857142855 0.03149801587301587 0.04034391534391534
0 0.36879960317460314 0.48065476190476186 0.026289682539682536 0.057870370370370364
0 0.3865327380952381 0.41203703703703703 0.046875 0.09788359788359788
0 0.40066964285714285 0.4680886243386243 0.027033730158730156 0.043320105820105814
0 0.4228670634920635 0.4525462962962963 0.03273809523809523 0.07705026455026455
0 0.4640376984126984 0.4292328042328042 0.05505952380952381 0.06018518518518518
0 0.5455109126984127 0.3407738095238095 0.022569444444444444 0.0367063492063492
0 0.5411706349206349 0.5421626984126984 0.015873015873015872 0.03736772486772487
0 0.5192212301587301 0.5729166666666666 0.028521825396825396 0.07043650793650794
0 0.4897073412698412 0.5912698412698413 0.04241071428571428 0.08399470899470898
0 0.6223958333333333 0.42162698412698413 0.03645833333333333 0.08134920634920634
0 0.6711309523809523 0.44510582010582006 0.03968253968253968 0.07870370370370369
0 0.6392609126984127 0.45205026455026454 0.034474206349206345 0.07208994708994709
0 0.6555059523809523 0.36706349206349204 0.025297619047619048 0.042328042328042326
