0 0.012 0.506625 0.016 0.01725
0 0.033 0.587375 0.06066666666666667 0.02925
0 0.06916666666666667 0.5593750000000001 0.041666666666666664 0.02525
0 0.10333333333333333 0.6075 0.022666666666666665 0.0335
0 0.3295 0.5397500000000001 0.009666666666666667 0.023
0 0.36183333333333334 0.547875 0.027 0.03325
0 0.33716666666666667 0.562125 0.028999999999999998 0.01825
0 0.009833333333333333 0.48125 0.019666666666666666 0.02
0 0.566 0.5171250000000001 0.04733333333333333 0.05075
0 0.6156666666666667 0.50725 0.035333333333333335 0.0535
0 0.6356666666666666 0.486875 0.03 0.03125
0 0.6536666666666666 0.518875 0.02733333333333333 0.02375
0 0.7148333333333333 0.496875 0.03833333333333333 0.06375
0 0.7383333333333333 0.48812500000000003 0.014666666666666666 0.02075
0 0.7899999999999999 0.5135 0.038 0.037
0 0.825 0.518375 0.025333333333333333 0.01525
0 0.8863333333333333 0.5265 0.03333333333333333 0.0365
0 0.8731666666666666 0.47925 0.025666666666666667 0.023
0 0.9844999999999999 0.54675 0.030333333333333334 0.029500000000000002
0 0.9781666666666666 0.50775 0.034999999999999996 0.021500000000000002
0 0.7988333333333333 0.45025 0.03233333333333333 0.014
