0 0.0975 0.5085000000000001 0.071 0.041
0 0.24283333333333332 0.566625 0.029666666666666664 0.02925
0 0.37616666666666665 0.539625 0.03966666666666666 0.029750000000000002
0 0.4408333333333333 0.547875 0.027 0.03125
0 0.39716666666666667 0.61325 0.06899999999999999 0.0335
0 0.42483333333333334 0.6785 0.04033333333333333 0.043500000000000004
0 0.48483333333333334 0.6775 0.03833333333333333 0.0405
0 0.5823333333333333 0.548625 0.066 0.06175
0 0.6639999999999999 0.602125 0.056 0.08225
0 0.6033333333333333 0.647875 0.03266666666666666 0.04725
0 0.5569999999999999 0.602125 0.042666666666666665 0.02825
0 0.976 0.63125 0.04733333333333333 0.05
