0 0.020089285714285712 0.40343915343915343 0.030257936507936505 0.018518518518518517
0 0.18167162698412698 0.4861111111111111 0.026041666666666664 0.08796296296296297
0 0.2813740079365079 0.5706018518518519 0.047371031746031744 0.08366402116402116
0 0.30629960317460314 0.4950396825396825 0.06894841269841269 0.062169312169312166
0 0.3580109126984127 0.56630291005291 0.055803571428571425 0.08035714285714285
0 0.050595238095238096 0.6726190476190476 0.01488095238095238 0.021164021164021163
0 0.08568948412698413 0.49355158730158727 0.014632936507936508 0.05324074074074074
0 0.00706845238095238 0.5036375661375662 0.01413690476190476 0.03439153439153439
0 0.002976190476190476 0.4634589947089947 0.005952380952380952 0.0367063492063492
0 0.05146329365079365 0.455026455026455 0.015625 0.015873015873015872
0 0.4052579365079365 0.45287698412698413 0.010416666666666666 0.021494708994708994
0 0.4196428571428571 0.494047619047619 0.03571428571428571 0.031746031746031744
0 0.49813988095238093 0.45651455026455023 0.034474206349206345 0.05654761904761904
0 0.535218253968254 0.5056216931216931 0.02976190476190476 0.046296296296296294
0 0.6254960317460317 0.4576719576719577 0.03224206349206349 0.10185185185185185
0 0.5343501984126984 0.7179232804232804 0.018601190476190476 0.042328042328042326
0 0.5050843253968254 0.7078373015873015 0.021577380952380952 0.03207671957671958
0 0.7242063492063492 0.5163690476190476 0.03571428571428571 0.04794973544973545
0 0.7570684523809523 0.4985119047619047 0.03149801587301587 0.050595238095238096
0 0.7748015873015872 0.341765873015873 0.026289682539682536 0.04133597883597884
0 0.7625248015873015 0.3923611111111111 0.018601190476190476 0.034060846560846555
0 0.7333829365079365 0.44246031746031744 0.029265873015873016 0.056878306878306875
0 0.8426339285714285 0.5209986772486772 0.03645833333333333 0.04596560846560846
0 0.9512648809523809 0.5004960317460317 0.04786706349206349 0.05720899470899471
0 0.9934275793650793 0.5305886243386243 0.012648809523809524 0.03869047619047619
0 0.9952876984126984 0.4376653439153439 0.008928571428571428 0.020833333333333332
0 0.5814732142857143 0.44940476190476186 0.02058531746031746 0.021164021164021163
