0 0.07911706349206349 0.5806878306878307 0.030257936507936505 0.062169312169312166
0 0.009796626984126984 0.6223544973544973 0.019593253968253968 0.06547619047619047
0 0.034102182539682536 0.6180555555555555 0.019593253968253968 0.01917989417989418
0 0.15860615079365079 0.5114087301587301 0.043402777777777776 0.06845238095238095
0 0.193328373015873 0.49553571428571425 0.022073412698412696 0.045304232804232805
0 0.22643849206349206 0.5763888888888888 0.03273809523809523 0.03902116402116402
0 0.19717261904761904 0.6137566137566137 0.043154761904761904 0.0734126984126984
0 0.2534722222222222 0.5534060846560847 0.025793650793650792 0.04133597883597884
0 0.30803571428571425 0.5168650793650793 0.029265873015873016 0.06349206349206349
0 0.32093253968253965 0.5985449735449735 0.030257936507936505 0.042328042328042326
0 0.48090277777777773 0.5416666666666666 0.03869047619047619 0.07804232804232804
0 0.7061011904761905 0.5715939153439153 0.04265873015873016 0.06977513227513227
0 0.8917410714285714 0.5348875661375662 0.038938492063492064 0.04993386243386243
0 0.9231150793650793 0.4889219576719576 0.01488095238095238 0.026124338624338623
0 0.6416170634920635 0.546957671957672 0.011904761904761904 0.036375661375661374
