0 0.02025 0.3475 0.029 0.031
0 0.12712500000000002 0.318 0.05025 0.08533333333333333
0 0.47875 0.33399999999999996 0.0195 0.05333333333333333
0 0.50775 0.3165 0.0205 0.030333333333333334
0 0.536625 0.324 0.02125 0.036
0 0.61275 0.34049999999999997 0.0235 0.023666666666666666
0 0.6793750000000001 0.39516666666666667 0.02525 0.034333333333333334
0 0.71475 0.39116666666666666 0.0225 0.049666666666666665
0 0.710125 0.356 0.01025 0.021333333333333333
0 0.7385 0.3605 0.0185 0.019666666666666666
0 0.738625 0.407 0.03375 0.06933333333333333
0 0.898625 0.3283333333333333 0.017750000000000002 0.018666666666666665
0 0.783875 0.31366666666666665 0.01375 0.02
0 0.7671250000000001 0.32016666666666665 0.012750000000000001 0.015666666666666666
