0 0.01 0.579125 0.02 0.02925
0 0.028166666666666666 0.6012500000000001 0.020999999999999998 0.0125
0 0.059666666666666666 0.60925 0.041999999999999996 0.029500000000000002
0 0.06133333333333333 0.5805 0.02733333333333333 0.0205
0 0.2848333333333333 0.55675 0.04566666666666667 0.034
0 0.36133333333333334 0.505875 0.022666666666666665 0.021750000000000002
0 0.3748333333333333 0.578125 0.027666666666666666 0.04075
0 0.39816666666666667 0.548 0.02033333333333333 0.014
0 0.42516666666666664 0.582125 0.07033333333333333 0.043250000000000004
0 0.4085 0.618375 0.053 0.02275
0 0.4835 0.56325 0.033666666666666664 0.0245
0 0.18866666666666665 0.601125 0.016666666666666666 0.01025
