0 0.04836309523809523 0.5115740740740741 0.00992063492063492 0.023809523809523808
0 0.07415674603174603 0.5367063492063492 0.025793650793650792 0.04365079365079365
0 0.0744047619047619 0.40674603174603174 0.016865079365079364 0.016534391534391533
0 0.16939484126984125 0.6099537037037037 0.011904761904761904 0.023478835978835978
0 0.1810515873015873 0.6349206349206349 0.015873015873015872 0.0205026455026455
0 0.1529017857142857 0.4750330687830688 0.017609126984126984 0.016865079365079364
0 0.18030753968253968 0.49652777777777773 0.041666666666666664 0.06514550264550265
0 0.18018353174603174 0.45866402116402116 0.020089285714285712 0.016534391534391533
0 0.11941964285714285 0.464781746031746 0.018601190476190476 0.011574074074074073
0 0.14583333333333331 0.40062830687830686 0.016369047619047616 0.020833333333333332
0 0.12735615079365079 0.44246031746031744 0.017113095238095236 0.025793650793650792
0 0.0876736111111111 0.42311507936507936 0.0091765873015873 0.008928571428571428
0 0.32626488095238093 0.507771164021164 0.01066468253968254 0.04133597883597884
0 0.32366071428571425 0.4538690476190476 0.029265873015873016 0.022156084656084655
0 0.4289434523809524 0.431547619047619 0.02306547619047619 0.013227513227513227
0 0.45647321428571425 0.4075727513227513 0.029513888888888888 0.06845238095238095
0 0.47457837301587297 0.5209986772486772 0.019593253968253968 0.018849206349206348
0 0.7607886904761905 0.40691137566137564 0.03298611111111111 0.06051587301587301
0 0.712921626984127 0.37020502645502645 0.008184523809523808 0.010912698412698412
0 0.6950644841269841 0.3683862433862434 0.007688492063492063 0.007936507936507936
0 0.4712301587301587 0.2080026455026455 0.010912698412698412 0.007936507936507936
0 0.47817460317460314 0.19907407407407407 0.003472222222222222 0.004629629629629629
0 0.45808531746031744 0.20998677248677247 0.004464285714285714 0.005952380952380952
