0 0.011408730158730158 0.46742724867724866 0.022817460317460316 0.05191798941798942
0 0.0367063492063492 0.4732142857142857 0.034722222222222224 0.04034391534391534
0 0.06225198412698412 0.44064153439153436 0.034722222222222224 0.034060846560846555
0 0.16282242063492064 0.41137566137566134 0.01810515873015873 0.03439153439153439
0 0.17708333333333331 0.48065476190476186 0.03819444444444444 0.02943121693121693
0 0.21465773809523808 0.5024801587301587 0.02405753968253968 0.026124338624338623
0 0.30939980158730157 0.46875 0.026041666666666664 0.03273809523809523
0 0.37351190476190477 0.5239748677248677 0.031746031746031744 0.0830026455026455
0 0.3991815476190476 0.4871031746031746 0.035962301587301584 0.08399470899470898
0 0.43439980158730157 0.48032407407407407 0.034474206349206345 0.07043650793650794
0 0.4724702380952381 0.5031415343915344 0.03373015873015873 0.06382275132275132
0 0.5014880952380952 0.5618386243386243 0.041666666666666664 0.08531746031746032
0 0.5551835317460317 0.42311507936507936 0.01810515873015873 0.04662698412698413
0 0.5737847222222222 0.462797619047619 0.038938492063492064 0.06117724867724868
0 0.5956101190476191 0.44775132275132273 0.04538690476190476 0.06084656084656084
0 0.6207837301587301 0.44328703703703703 0.0248015873015873 0.07242063492063491
0 0.6009424603174602 0.3935185185185185 0.020337301587301584 0.026455026455026454
0 0.6496775793650793 0.3923611111111111 0.011656746031746032 0.01951058201058201
0 0.6743551587301587 0.40691137566137564 0.03125 0.07043650793650794
0 0.683407738095238 0.4871031746031746 0.05133928571428571 0.09193121693121692
0 0.7212301587301587 0.4365079365079365 0.02232142857142857 0.04431216931216931
0 0.7601686507936507 0.46676587301587297 0.012896825396825396 0.015542328042328041
0 0.8154761904761905 0.45552248677248675 0.04117063492063492 0.05125661375661375
0 0.880704365079365 0.5413359788359788 0.012896825396825396 0.01984126984126984
0 0.9144345238095237 0.5583664021164021 0.034722222222222224 0.08035714285714285
