0 0.08023313492063491 0.40922619047619047 0.02554563492063492 0.07837301587301587
0 0.40773809523809523 0.37648809523809523 0.011904761904761904 0.013558201058201057
0 0.39012896825396826 0.41352513227513227 0.015873015873015872 0.020833333333333332
0 0.41666666666666663 0.37483465608465605 0.025297619047619048 0.038029100529100524
0 0.4568452380952381 0.42840608465608465 0.025297619047619048 0.0248015873015873
0 0.5556795634920635 0.408234126984127 0.0339781746031746 0.06779100529100529
0 0.5978422619047619 0.4087301587301587 0.04241071428571428 0.08267195767195767
0 0.5782490079365079 0.3458994708994709 0.017113095238095236 0.03042328042328042
0 0.6500496031746031 0.3235780423280423 0.02976190476190476 0.04199735449735449
0 0.6566220238095237 0.39302248677248675 0.021577380952380952 0.054563492063492064
0 0.6417410714285714 0.408068783068783 0.010168650793650792 0.016534391534391533
0 0.7259424603174602 0.4036044973544973 0.018849206349206348 0.015542328042328041
0 0.2837301587301587 0.4151785714285714 0.012896825396825396 0.016865079365079364
0 0.27318948412698413 0.39533730158730157 0.01066468253968254 0.016203703703703703
0 0.294890873015873 0.37037037037037035 0.025793650793650792 0.022486772486772486
0 0.3195684523809524 0.359292328042328 0.017609126984126984 0.022817460317460316
0 0.06969246031746032 0.3611111111111111 0.006944444444444444 0.007275132275132275
