0 0.05394345238095238 0.4489087301587301 0.053323412698412696 0.04728835978835978
0 0.0560515873015873 0.5107473544973544 0.05803571428571428 0.09226190476190475
0 0.2571924603174603 0.4323743386243386 0.04265873015873016 0.05720899470899471
0 0.28955853174603174 0.4088955026455026 0.04290674603174603 0.07837301587301587
0 0.3175843253968254 0.35978835978835977 0.041914682539682536 0.05357142857142857
0 0.3203125 0.40410052910052907 0.016617063492063492 0.02447089947089947
0 0.3401537698412698 0.46246693121693117 0.017609126984126984 0.026124338624338623
0 0.4267113095238095 0.384755291005291 0.027529761904761904 0.0625
0 0.4427083333333333 0.4075727513227513 0.030753968253968252 0.03736772486772487
0 0.4637896825396825 0.3559854497354497 0.026289682539682536 0.043320105820105814
0 0.48834325396825395 0.3855820105820106 0.03273809523809523 0.03439153439153439
0 0.4167906746031746 0.44576719576719576 0.019593253968253968 0.015873015873015872
0 0.4732142857142857 0.5041335978835979 0.015376984126984126 0.020833333333333332
0 0.5565476190476191 0.38773148148148145 0.008928571428571428 0.012896825396825396
0 0.5719246031746031 0.39616402116402116 0.01240079365079365 0.03439153439153439
0 0.5813492063492063 0.36193783068783064 0.020833333333333332 0.020833333333333332
0 0.5927579365079365 0.3812830687830688 0.024305555555555552 0.05886243386243386
0 0.6222718253968254 0.37830687830687826 0.04216269841269841 0.09656084656084656
0 0.6640625 0.40476190476190477 0.044394841269841265 0.046957671957671955
0 0.6963045634920635 0.3458994708994709 0.07018849206349206 0.06349206349206349
0 0.7094494047619048 0.3831018518518518 0.01413690476190476 0.022156084656084655
0 0.7993551587301587 0.369047619047619 0.013392857142857142 0.022486772486772486
0 0.8859126984126984 0.43468915343915343 0.0367063492063492 0.07638888888888888
0 0.39360119047619047 0.29712301587301587 0.013392857142857142 0.018849206349206348
0 0.13120039682539683 0.3804563492063492 0.008928571428571428 0.011574074074074073
