0 0.08643353174603174 0.5456349206349206 0.013144841269841268 0.02513227513227513
0 0.07688492063492063 0.5595238095238095 0.016369047619047616 0.021164021164021163
0 0.021825396825396824 0.5791997354497355 0.022817460317460316 0.018187830687830687
0 0.005208333333333333 0.6003637566137566 0.010416666666666666 0.021494708994708994
0 0.138640873015873 0.5499338624338624 0.04117063492063492 0.061507936507936505
0 0.18526785714285712 0.5565476190476191 0.043154761904761904 0.08531746031746032
0 0.20783730158730157 0.4968584656084656 0.04712301587301587 0.05191798941798942
0 0.23958333333333331 0.5477843915343915 0.027281746031746032 0.04662698412698413
0 0.322296626984127 0.46494708994708994 0.017113095238095236 0.037698412698412696
0 0.33742559523809523 0.4341931216931217 0.014632936507936508 0.0291005291005291
0 0.46056547619047616 0.44477513227513227 0.013888888888888888 0.023148148148148147
0 0.4477926587301587 0.4973544973544973 0.009672619047619048 0.01521164021164021
0 0.5492311507936508 0.5337301587301587 0.012152777777777776 0.031746031746031744
0 0.5548115079365079 0.4700727513227513 0.007936507936507936 0.015542328042328041
0 0.6066468253968254 0.5337301587301587 0.012896825396825396 0.01917989417989418
0 0.7185019841269841 0.5051256613756614 0.015873015873015872 0.034060846560846555
0 0.6935763888888888 0.579861111111111 0.021081349206349204 0.039351851851851846
0 0.7368551587301587 0.5568783068783069 0.016369047619047616 0.017195767195767195
0 0.8642113095238094 0.4917328042328042 0.02405753968253968 0.03439153439153439
0 0.7390873015873015 0.4768518518518518 0.016369047619047616 0.010582010582010581
0 0.2150297619047619 0.42311507936507936 0.01240079365079365 0.015542328042328041
