0 0.04216269841269841 0.5750661375661376 0.016369047619047616 0.016534391534391533
0 0.0913938492063492 0.4196428571428571 0.018601190476190476 0.03373015873015873
0 0.12202380952380952 0.5166997354497355 0.017361111111111112 0.021494708994708994
0 0.19419642857142855 0.4750330687830688 0.04464285714285714 0.09755291005291004
0 0.23598710317460317 0.5132275132275133 0.01413690476190476 0.021164021164021163
0 0.2415674603174603 0.4270833333333333 0.013888888888888888 0.023478835978835978
0 0.29166666666666663 0.40608465608465605 0.020833333333333332 0.025793650793650792
0 0.32700892857142855 0.4614748677248677 0.05034722222222222 0.08564814814814814
0 0.5124007936507936 0.4801587301587301 0.02132936507936508 0.061507936507936505
0 0.4461805555555555 0.42774470899470896 0.014384920634920634 0.02017195767195767
0 0.4636656746031746 0.47718253968253965 0.031994047619047616 0.03439153439153439
0 0.49206349206349204 0.4871031746031746 0.014384920634920634 0.011904761904761904
0 0.48325892857142855 0.41534391534391535 0.015625 0.037037037037037035
0 0.6121031746031745 0.4927248677248677 0.018849206349206348 0.027116402116402115
0 0.6372767857142857 0.476521164021164 0.026537698412698412 0.031746031746031744
0 0.7922867063492063 0.40410052910052907 0.019593253968253968 0.046296296296296294
0 0.8151041666666666 0.4505621693121693 0.035962301587301584 0.04133597883597884
0 0.7847222222222222 0.4712301587301587 0.014384920634920634 0.016534391534391533
0 0.7601686507936507 0.46527777777777773 0.026289682539682536 0.042328042328042326
