0 0.028521825396825396 0.4474206349206349 0.034722222222222224 0.05423280423280423
0 0.07229662698412698 0.49537037037037035 0.027033730158730156 0.03968253968253968
0 0.16046626984126983 0.48578042328042326 0.03571428571428571 0.05423280423280423
0 0.24169146825396823 0.43898809523809523 0.04290674603174603 0.06977513227513227
0 0.19680059523809523 0.4419642857142857 0.015128968253968252 0.02546296296296296
0 0.2785218253968254 0.4618055555555555 0.01984126984126984 0.026785714285714284
0 0.3227926587301587 0.4305555555555555 0.020089285714285712 0.08134920634920634
0 0.3585069444444444 0.40939153439153436 0.02901785714285714 0.07142857142857142
0 0.39285714285714285 0.43799603174603174 0.025297619047619048 0.05588624338624339
0 0.40438988095238093 0.4915674603174603 0.020089285714285712 0.04067460317460317
0 0.5261656746031745 0.45899470899470896 0.011656746031746032 0.01917989417989418
0 0.556423611111111 0.46395502645502645 0.02802579365079365 0.02976190476190476
0 0.534970238095238 0.5049603174603174 0.008432539682539682 0.031746031746031744
0 0.6305803571428571 0.4735449735449735 0.0339781746031746 0.10119047619047619
0 0.660094246031746 0.373015873015873 0.053323412698412696 0.023148148148148147
0 0.6789434523809523 0.40955687830687826 0.028521825396825396 0.04794973544973545
0 0.7415674603174602 0.5061177248677249 0.026289682539682536 0.04464285714285714
0 0.8461061507936507 0.41782407407407407 0.022073412698412696 0.020833333333333332
0 0.744171626984127 0.3792989417989418 0.022073412698412696 0.023809523809523808
