0 0.12227182539682539 0.519345238095238 0.02827380952380952 0.034060846560846555
0 0.15438988095238093 0.4560185185185185 0.035962301587301584 0.08664021164021163
0 0.19035218253968253 0.44940476190476186 0.034474206349206345 0.06944444444444445
0 0.39893353174603174 0.421792328042328 0.02901785714285714 0.07175925925925926
0 0.46924603174603174 0.382771164021164 0.017361111111111112 0.04464285714285714
0 0.47284226190476186 0.4290674603174603 0.029513888888888888 0.043320105820105814
0 0.363219246031746 0.3804563492063492 0.04290674603174603 0.08961640211640211
0 0.3291170634920635 0.40856481481481477 0.02132936507936508 0.04067460317460317
0 0.365203373015873 0.4708994708994709 0.05034722222222222 0.09391534391534391
0 0.6216517857142857 0.47470238095238093 0.012648809523809524 0.034722222222222224
0 0.6357886904761905 0.4914021164021164 0.01413690476190476 0.031084656084656083
0 0.6759672619047619 0.5216600529100529 0.012648809523809524 0.027447089947089946
0 0.7559523809523809 0.47602513227513227 0.019345238095238096 0.028769841269841268
0 0.6613343253968254 0.45205026455026454 0.015128968253968252 0.023809523809523808
0 0.6879960317460317 0.44130291005291 0.017857142857142856 0.013558201058201057
