0 0.7881666666666667 0.629875 0.07166666666666667 0.10725
0 0.9854999999999999 0.5575 0.028333333333333332 0.025500000000000002
0 0.9165 0.50275 0.049666666666666665 0.025500000000000002
0 0.658 0.5231250000000001 0.06733333333333333 0.06675
0 0.8841666666666667 0.52925 0.025666666666666667 0.0125
0 0.8716666666666666 0.5655 0.015333333333333332 0.0335
0 0.5671666666666666 0.591375 0.03166666666666666 0.05725
0 0.6024999999999999 0.5125 0.043 0.059000000000000004
0 0.4363333333333333 0.543 0.026 0.0325
0 0.4018333333333333 0.548125 0.041 0.03775
0 0.43116666666666664 0.5885 0.023 0.0125
0 0.3695 0.501875 0.04633333333333333 0.02075
0 0.2786666666666667 0.5271250000000001 0.04066666666666666 0.02875
0 0.1835 0.4895 0.04566666666666667 0.029
0 0.18566666666666667 0.530875 0.034666666666666665 0.03675
0 0.13383333333333333 0.51375 0.055 0.063
0 0.09633333333333333 0.522375 0.042666666666666665 0.03625
0 0.0545 0.5982500000000001 0.04833333333333333 0.059500000000000004
0 0.12033333333333333 0.566125 0.020666666666666667 0.01125
0 0.1315 0.590375 0.013 0.00875
0 0.1875 0.57325 0.020999999999999998 0.012
