0 0.0965 0.63425 0.033666666666666664 0.034
0 0.029666666666666664 0.5965 0.05933333333333333 0.0365
0 0.11549999999999999 0.53825 0.053 0.042
0 0.16366666666666665 0.5135 0.038 0.017
0 0.2095 0.480375 0.050333333333333334 0.02625
0 0.24133333333333332 0.535125 0.046 0.02775
0 0.29116666666666663 0.56075 0.04566666666666667 0.052000000000000005
0 0.3778333333333333 0.549 0.034333333333333334 0.03
0 0.39466666666666667 0.506375 0.022666666666666665 0.03775
0 0.43066666666666664 0.531 0.03666666666666667 0.0175
0 0.47 0.531 0.04466666666666667 0.0615
0 0.5073333333333333 0.514625 0.012666666666666666 0.00875
0 0.499 0.545875 0.012 0.01375
0 0.526 0.5415 0.03266666666666666 0.017
0 0.5608333333333333 0.5367500000000001 0.037 0.035
0 0.5551666666666667 0.562875 0.03833333333333333 0.01825
0 0.6024999999999999 0.5595 0.045 0.075
0 0.6435 0.522875 0.057666666666666665 0.02425
0 0.7013333333333334 0.542125 0.050666666666666665 0.051250000000000004
0 0.821 0.47950000000000004 0.04466666666666667 0.0325
0 0.828 0.509625 0.03933333333333333 0.02275
0 0.7859999999999999 0.5445 0.057999999999999996 0.027
0 0.8678333333333333 0.542875 0.034999999999999996 0.02225
0 0.9744999999999999 0.546625 0.050333333333333334 0.02725
0 0.995 0.531875 0.008 0.00775
0 0.18483333333333332 0.535125 0.019 0.01975
0 0.17516666666666666 0.5605 0.012333333333333333 0.03
0 0.026833333333333334 0.5503750000000001 0.041 0.01975
