0 0.054563492063492064 0.4183201058201058 0.014384920634920634 0.02513227513227513
0 0.0482390873015873 0.42741402116402116 0.013144841269841268 0.04464285714285714
0 0.06076388888888889 0.45221560846560843 0.006944444444444444 0.022817460317460316
0 0.07750496031746032 0.4689153439153439 0.015128968253968252 0.021164021164021163
0 0.09474206349206349 0.4708994708994709 0.018849206349206348 0.03968253968253968
0 0.4672619047619047 0.37913359788359785 0.017857142857142856 0.053902116402116396
0 0.7085813492063492 0.4173280423280423 0.01984126984126984 0.0582010582010582
0 0.7125496031746031 0.2610780423280423 0.017361111111111112 0.011574074074074073
0 0.8932291666666666 0.42245370370370366 0.023561507936507936 0.017526455026455025
0 0.8818204365079365 0.31035052910052907 0.019593253968253968 0.0248015873015873
