0 0.016493055555555556 0.5264550264550264 0.03298611111111111 0.056216931216931214
0 0.09995039682539682 0.5709325396825397 0.048611111111111105 0.09226190476190475
0 0.13120039682539683 0.5423280423280423 0.020337301587301584 0.013888888888888888
0 0.13169642857142858 0.5806878306878307 0.016865079365079364 0.026455026455026454
0 0.19928075396825395 0.6071428571428571 0.027033730158730156 0.047619047619047616
0 0.23053075396825395 0.5590277777777778 0.031994047619047616 0.05324074074074074
0 0.25570436507936506 0.5844907407407407 0.017857142857142856 0.020833333333333332
0 0.23077876984126983 0.5092592592592592 0.04141865079365079 0.04497354497354497
0 0.11259920634920634 0.40939153439153436 0.0248015873015873 0.03968253968253968
0 0.11582341269841269 0.46097883597883593 0.05505952380952381 0.08465608465608465
0 0.1753472222222222 0.5132275132275133 0.026289682539682536 0.0496031746031746
0 0.40625 0.4841269841269841 0.011408730158730158 0.016534391534391533
0 0.37189980158730157 0.4793320105820106 0.011160714285714284 0.012896825396825396
0 0.3890128968253968 0.4907407407407407 0.01066468253968254 0.015873015873015872
0 0.501736111111111 0.5183531746031745 0.023809523809523808 0.03207671957671958
0 0.49107142857142855 0.552579365079365 0.023313492063492064 0.06613756613756613
0 0.593625992063492 0.4517195767195767 0.018601190476190476 0.037037037037037035
0 0.5828373015873015 0.49289021164021163 0.033234126984126984 0.07572751322751323
0 0.5456349206349206 0.4923941798941799 0.016865079365079364 0.023148148148148147
0 0.6786954365079365 0.4742063492063492 0.008680555555555556 0.03439153439153439
0 0.6910962301587301 0.5125661375661376 0.017609126984126984 0.01984126984126984
0 0.708829365079365 0.38789682539682535 0.01240079365079365 0.017857142857142856
0 0.7521081349206349 0.42328042328042326 0.02554563492063492 0.021825396825396824
0 0.796875 0.4508928571428571 0.02132936507936508 0.04199735449735449
0 0.7813740079365079 0.4837962962962963 0.015625 0.037037037037037035
0 0.7471478174603174 0.5353835978835979 0.02802579365079365 0.032407407407407406
0 0.8562748015873015 0.4758597883597883 0.026041666666666664 0.05357142857142857
0 0.8608630952380952 0.41451719576719576 0.02827380952380952 0.03273809523809523
0 0.8694196428571428 0.38078703703703703 0.022569444444444444 0.03869047619047619
0 0.8907490079365079 0.3926917989417989 0.0404265873015873 0.057870370370370364
0 0.8953373015873015 0.4573412698412698 0.053075396825396824 0.07473544973544974
0 0.7315228174603174 0.43468915343915343 0.01413690476190476 0.03273809523809523
0 0.9544890873015872 0.28786375661375657 0.01810515873015873 0.022817460317460316
0 0.9397321428571428 0.3463955026455026 0.05803571428571428 0.08366402116402116
0 0.9810267857142857 0.3740079365079365 0.037450396825396824 0.0701058201058201
