0 0.06051587301587301 0.48247354497354494 0.03869047619047619 0.05555555555555555
0 0.10317460317460317 0.5153769841269841 0.013888888888888888 0.016865079365079364
0 0.4202628968253968 0.5097552910052909 0.015128968253968252 0.0625
0 0.4048859126984127 0.48776455026455023 0.04092261904761905 0.037037037037037035
0 0.41021825396825395 0.4462632275132275 0.02976190476190476 0.038029100529100524
0 0.45126488095238093 0.47833994708994704 0.038938492063492064 0.06117724867724868
0 0.4636656746031746 0.41484788359788355 0.021577380952380952 0.04133597883597884
0 0.45982142857142855 0.4444444444444444 0.016369047619047616 0.017857142857142856
0 0.4437003968253968 0.5171957671957672 0.008928571428571428 0.013888888888888888
0 0.5262896825396826 0.38442460317460314 0.028769841269841268 0.0367063492063492
0 0.6090029761904762 0.4158399470899471 0.026041666666666664 0.034722222222222224
0 0.5889136904761905 0.476521164021164 0.015128968253968252 0.012566137566137565
0 0.5744047619047619 0.5011574074074073 0.01240079365079365 0.0248015873015873
0 0.540798611111111 0.5229828042328042 0.015128968253968252 0.013558201058201057
0 0.6876240079365079 0.4378306878306878 0.03298611111111111 0.07605820105820105
0 0.7513640873015872 0.4740410052910053 0.016617063492063492 0.034722222222222224
0 0.773313492063492 0.5877976190476191 0.019345238095238096 0.10085978835978836
0 0.759796626984127 0.5509259259259259 0.03298611111111111 0.031746031746031744
0 0.7864583333333333 0.5732473544973544 0.012896825396825396 0.01488095238095238
0 0.7839781746031745 0.4914021164021164 0.02232142857142857 0.04034391534391534
0 0.8621031746031745 0.5851521164021164 0.010912698412698412 0.04133597883597884
0 0.8506944444444444 0.5876322751322751 0.01488095238095238 0.017195767195767195
0 0.8375496031746031 0.6421957671957672 0.015873015873015872 0.018518518518518517
0 0.9507688492063492 0.453042328042328 0.02058531746031746 0.04563492063492063
0 0.9779265873015872 0.4548611111111111 0.03224206349206349 0.0333994708994709
