0 0.005704365079365079 0.41997354497354494 0.011408730158730158 0.03042328042328042
0 0.19035218253968253 0.47106481481481477 0.022073412698412696 0.03009259259259259
0 0.3675595238095238 0.3784722222222222 0.02827380952380952 0.04596560846560846
0 0.38678075396825395 0.4150132275132275 0.04092261904761905 0.04365079365079365
0 0.41542658730158727 0.43617724867724866 0.02827380952380952 0.05886243386243386
0 0.44940476190476186 0.40707671957671954 0.04365079365079365 0.0701058201058201
0 0.5011160714285714 0.41220238095238093 0.0662202380952381 0.06779100529100529
0 0.5331101190476191 0.41352513227513227 0.03050595238095238 0.09093915343915343
0 0.46875 0.4568452380952381 0.03373015873015873 0.03207671957671958
0 0.4967757936507936 0.4446097883597883 0.017857142857142856 0.01951058201058201
0 0.4712301587301587 0.49123677248677244 0.01488095238095238 0.017526455026455025
0 0.5029761904761905 0.5209986772486772 0.03224206349206349 0.06117724867724868
0 0.3663194444444444 0.4884259259259259 0.024305555555555552 0.03505291005291005
0 0.39806547619047616 0.49801587301587297 0.03125 0.07671957671957672
0 0.33618551587301587 0.46312830687830686 0.010168650793650792 0.013558201058201057
0 0.6010664682539683 0.4260912698412698 0.02802579365079365 0.07374338624338624
0 0.6349206349206349 0.4260912698412698 0.03125 0.050595238095238096
0 0.6634424603174602 0.4131944444444444 0.02976190476190476 0.05125661375661375
0 0.714905753968254 0.29662698412698413 0.046875 0.08399470899470898
0 0.7540922619047619 0.3134920634920635 0.02802579365079365 0.027777777777777776
0 0.708953373015873 0.35532407407407407 0.02058531746031746 0.023478835978835978
0 0.7848462301587301 0.3907076719576719 0.03844246031746031 0.03141534391534391
0 0.8360615079365079 0.4117063492063492 0.01488095238095238 0.01984126984126984
0 0.8882688492063492 0.3862433862433862 0.02901785714285714 0.056878306878306875
0 0.9254712301587301 0.38541666666666663 0.048859126984126984 0.03869047619047619
0 0.9229910714285714 0.43369708994708994 0.04637896825396825 0.057870370370370364
0 0.9675099206349206 0.4171626984126984 0.03720238095238095 0.050595238095238096
0 0.9508928571428571 0.5291005291005291 0.048611111111111105 0.10119047619047619
0 0.9138144841269841 0.49553571428571425 0.01810515873015873 0.026785714285714284
0 0.9642857142857142 0.46676587301587297 0.023809523809523808 0.026124338624338623
0 0.8897569444444444 0.3063822751322751 0.021577380952380952 0.026124338624338623
