0 0.11299999999999999 0.545875 0.048 0.02875
0 0.1645 0.592125 0.027666666666666666 0.012750000000000001
0 0.15933333333333333 0.5585 0.03333333333333333 0.03
0 0.2068333333333333 0.56875 0.03966666666666666 0.0245
0 0.21183333333333332 0.588125 0.06633333333333333 0.01525
0 0.26466666666666666 0.527 0.05266666666666667 0.06
0 0.23583333333333334 0.517375 0.020999999999999998 0.01875
0 0.307 0.556875 0.024666666666666667 0.043250000000000004
0 0.3448333333333333 0.55175 0.036333333333333336 0.041
0 0.4078333333333333 0.581 0.025666666666666667 0.0195
0 0.4413333333333333 0.5485 0.026 0.056
0 0.4656666666666667 0.5275 0.02 0.0345
0 0.5141666666666667 0.537875 0.026333333333333334 0.02525
0 0.48666666666666664 0.600125 0.033999999999999996 0.03375
0 0.7263333333333333 0.58625 0.050666666666666665 0.0485
0 0.6923333333333334 0.5583750000000001 0.024 0.02225
0 0.981 0.615125 0.034666666666666665 0.04775
0 0.9771666666666666 0.663875 0.016999999999999998 0.01225
0 0.984 0.58125 0.03133333333333333 0.0185
