0 0.13678075396825395 0.49090608465608465 0.031994047619047616 0.03141534391534391
0 0.18700396825396826 0.4508928571428571 0.03273809523809523 0.034722222222222224
0 0.24082341269841268 0.46312830687830686 0.028769841269841268 0.02943121693121693
0 0.27839781746031744 0.4872685185185185 0.02306547619047619 0.0248015873015873
0 0.2648809523809524 0.5476190476190476 0.016865079365079364 0.042328042328042326
0 0.17695932539682538 0.5125661375661376 0.015625 0.018518518518518517
0 0.0560515873015873 0.5415013227513227 0.012896825396825396 0.017526455026455025
0 0.269469246031746 0.40625 0.030009920634920632 0.02943121693121693
0 0.3359375 0.45337301587301587 0.021081349206349204 0.042328042328042326
0 0.3663194444444444 0.4465939153439153 0.025793650793650792 0.04728835978835978
0 0.390625 0.48495370370370366 0.013392857142857142 0.015542328042328041
0 0.40500992063492064 0.5059523809523809 0.013392857142857142 0.021825396825396824
0 0.5665922619047619 0.5257936507936508 0.018601190476190476 0.03571428571428571
0 0.5912698412698413 0.4350198412698412 0.019345238095238096 0.01951058201058201
0 0.6449652777777778 0.47470238095238093 0.034474206349206345 0.07242063492063491
0 0.662078373015873 0.48164682539682535 0.016617063492063492 0.02943121693121693
0 0.6734871031746031 0.5249669312169312 0.022569444444444444 0.048611111111111105
0 0.7196180555555555 0.5687830687830687 0.020089285714285712 0.062169312169312166
0 0.7395833333333333 0.5667989417989417 0.024305555555555552 0.05026455026455026
0 0.7255704365079365 0.44229497354497355 0.029513888888888888 0.048611111111111105
0 0.8284970238095237 0.4131944444444444 0.021081349206349204 0.03207671957671958
0 0.8466021825396824 0.4236111111111111 0.026537698412698412 0.028439153439153438
0 0.8757440476190476 0.4308862433862434 0.013888888888888888 0.0205026455026455
0 0.9056299603174602 0.41021825396825395 0.020089285714285712 0.02943121693121693
0 0.9219990079365079 0.3855820105820106 0.02405753968253968 0.03835978835978836
0 0.9417162698412698 0.40062830687830686 0.01488095238095238 0.022817460317460316
0 0.9796626984126984 0.4308862433862434 0.023313492063492064 0.023809523809523808
