0 0.024499999999999997 0.557625 0.048999999999999995 0.06875
0 0.20149999999999998 0.623375 0.033666666666666664 0.06925
0 0.16366666666666665 0.61675 0.04466666666666667 0.0275
0 0.3403333333333333 0.598125 0.028 0.02025
0 0.42916666666666664 0.64025 0.027666666666666666 0.045
0 0.4455 0.613375 0.051 0.03825
0 0.4463333333333333 0.560125 0.026666666666666665 0.017750000000000002
0 0.3838333333333333 0.551125 0.016999999999999998 0.010750000000000001
0 0.5575 0.551875 0.021666666666666667 0.01675
0 0.5891666666666666 0.5525 0.017666666666666667 0.017
0 0.5865 0.57875 0.027666666666666666 0.014
0 0.7081666666666666 0.597 0.11499999999999999 0.0945
0 0.88 0.63475 0.05466666666666666 0.048
0 0.8335 0.466375 0.035666666666666666 0.02625
0 0.583 0.48962500000000003 0.024 0.01575
0 0.9206666666666666 0.399625 0.016666666666666666 0.00825
0 0.7373333333333333 0.468375 0.026666666666666665 0.01825
