0 0.017003676470588234 0.39542483660130723 0.03400735294117647 0.04575163398692811
0 0.10677083333333333 0.3817401960784314 0.021139705882352942 0.03880718954248366
0 0.1331188725490196 0.39808006535947715 0.024816176470588234 0.04779411764705883
0 0.14767156862745098 0.4387254901960784 0.028186274509803922 0.04575163398692811
0 0.22962622549019607 0.4464869281045752 0.06832107843137254 0.07107843137254902
0 0.2731311274509804 0.5081699346405228 0.05177696078431372 0.09885620915032681
0 0.3126531862745098 0.46405228758169936 0.033394607843137254 0.07924836601307189
0 0.4837622549019608 0.5061274509803921 0.026348039215686275 0.06862745098039216
0 0.5102634803921569 0.46058006535947715 0.022977941176470586 0.024918300653594773
0 0.5389093137254902 0.42933006535947715 0.02389705882352941 0.04575163398692811
0 0.5767463235294118 0.48304738562091504 0.008884803921568627 0.01919934640522876
0 0.5873161764705882 0.4832516339869281 0.006740196078431373 0.010620915032679739
0 0.5969669117647058 0.46691176470588236 0.008272058823529412 0.022875816993464054
0 0.6083026960784313 0.44464869281045755 0.012561274509803922 0.03145424836601307
0 0.5860906862745098 0.5038807189542484 0.015931372549019607 0.01511437908496732
0 0.6695772058823529 0.5185866013071896 0.03462009803921569 0.06985294117647059
0 0.7224264705882353 0.5361519607843137 0.0196078431372549 0.044526143790849675
0 0.7772671568627451 0.4987745098039216 0.024509803921568627 0.058823529411764705
0 0.8270526960784313 0.4575163398692811 0.02665441176470588 0.03758169934640523
0 0.8543198529411764 0.4740604575163399 0.03155637254901961 0.05024509803921569
0 0.9168198529411764 0.5606617647058824 0.04381127450980392 0.07475490196078431
0 0.9669117647058824 0.49407679738562094 0.014705882352941176 0.020833333333333336
0 0.6121323529411765 0.40318627450980393 0.016544117647058824 0.02369281045751634
0 0.35830269607843135 0.4832516339869281 0.01685049019607843 0.02777777777777778
