0 0.9719669117647058 0.45710784313725494 0.05177696078431372 0.13725490196078433
0 0.8802083333333334 0.44730392156862747 0.04779411764705882 0.049019607843137254
0 0.8939950980392156 0.3962418300653595 0.06862745098039216 0.05147058823529412
0 0.5412071078431373 0.4456699346405229 0.018688725490196078 0.08088235294117647
0 0.4852941176470588 0.4554738562091503 0.01838235294117647 0.028594771241830068
0 0.43903186274509803 0.45772058823529416 0.04656862745098039 0.06413398692810458
0 0.3628982843137255 0.4826388888888889 0.046262254901960786 0.04779411764705883
0 0.31816789215686275 0.43443627450980393 0.02420343137254902 0.03145424836601307
0 0.31096813725490197 0.588031045751634 0.022058823529411763 0.0363562091503268
0 0.2679227941176471 0.5110294117647058 0.026041666666666668 0.04575163398692811
0 0.21017156862745098 0.5046977124183006 0.0428921568627451 0.07883986928104575
0 0.11228553921568628 0.4409722222222222 0.02542892156862745 0.03308823529411765
0 0.11963848039215687 0.49244281045751637 0.04442401960784314 0.07148692810457516
0 0.017003676470588234 0.4622140522875817 0.03400735294117647 0.05351307189542484
0 0.052542892156862746 0.4603758169934641 0.01807598039215686 0.02042483660130719
0 0.08440563725490197 0.46262254901960786 0.017463235294117647 0.037173202614379085
0 0.7308517156862745 0.45036764705882354 0.017463235294117647 0.01838235294117647
0 0.7380514705882353 0.4789624183006536 0.01838235294117647 0.01838235294117647
