0 0.03201593137254902 0.4665032679738562 0.06403186274509803 0.1593137254901961
0 0.0859375 0.4595588235294118 0.04258578431372549 0.10212418300653595
0 0.07735906862745098 0.3796977124183007 0.03278186274509804 0.049428104575163404
0 0.18152573529411764 0.45710784313725494 0.06893382352941177 0.1715686274509804
0 0.30713848039215685 0.47365196078431376 0.01991421568627451 0.039624183006535946
0 0.3365502450980392 0.4957107843137255 0.02542892156862745 0.09681372549019608
0 0.23636642156862744 0.42647058823529416 0.0352328431372549 0.09558823529411765
0 0.27297794117647056 0.39746732026143794 0.02022058823529412 0.02696078431372549
0 0.30744485294117646 0.3831699346405229 0.03400735294117647 0.03676470588235294
0 0.5571384803921569 0.4699754901960784 0.04258578431372549 0.0559640522875817
0 0.5903799019607843 0.5314542483660131 0.03370098039215686 0.09640522875816994
0 0.6076899509803921 0.4542483660130719 0.047487745098039214 0.05147058823529412
0 0.6786151960784313 0.45853758169934644 0.07291666666666667 0.04779411764705883
0 0.6279105392156863 0.5332924836601307 0.026041666666666668 0.07802287581699346
0 0.6574754901960784 0.5404411764705882 0.04779411764705882 0.11356209150326797
0 0.7233455882352942 0.48713235294117646 0.02144607843137255 0.04861111111111111
0 0.7538296568627451 0.48958333333333337 0.026041666666666668 0.044526143790849675
0 0.7869178921568627 0.508578431372549 0.02971813725490196 0.056372549019607844
0 0.7628676470588235 0.5639297385620915 0.08272058823529412 0.07312091503267974
0 0.7637867647058824 0.6260212418300654 0.02389705882352941 0.05106209150326797
0 0.8383884803921569 0.5614787581699346 0.0628063725490196 0.1352124183006536
0 0.9197303921568627 0.5751633986928105 0.09436274509803921 0.12336601307189543
0 0.9586397058823529 0.49244281045751637 0.052083333333333336 0.042075163398692814
0 0.5503982843137255 0.3854166666666667 0.012561274509803922 0.017565359477124183
