0 0.22675 0.5341666666666667 0.037 0.09366666666666666
0 0.194875 0.41566666666666663 0.04525 0.028666666666666667
0 0.07150000000000001 0.46699999999999997 0.0285 0.026666666666666665
0 0.046375 0.43766666666666665 0.02075 0.035333333333333335
0 0.012750000000000001 0.4383333333333333 0.025500000000000002 0.06466666666666666
0 0.740625 0.5495 0.02025 0.05433333333333333
0 0.794375 0.433 0.03025 0.06733333333333333
0 0.82575 0.44666666666666666 0.0325 0.046
0 0.945625 0.5063333333333333 0.03325 0.06533333333333333
0 0.857375 0.45449999999999996 0.02025 0.021666666666666667
