0 0.016375 0.39416666666666667 0.03275 0.11033333333333332
0 0.0105 0.4633333333333333 0.0155 0.022
0 0.059500000000000004 0.5548333333333333 0.035500000000000004 0.059
0 0.0495 0.4915 0.085 0.06833333333333333
0 0.161 0.49116666666666664 0.034 0.08566666666666667
0 0.226125 0.5235 0.02475 0.028333333333333332
0 0.24575 0.57 0.0235 0.033999999999999996
0 0.257 0.4923333333333333 0.031 0.064
0 0.274375 0.46649999999999997 0.01975 0.055
0 0.29275 0.47716666666666663 0.0185 0.053
0 0.292375 0.5351666666666667 0.03325 0.059
0 0.36725 0.5065 0.0335 0.07966666666666666
0 0.39487500000000003 0.434 0.03075 0.07866666666666666
0 0.40700000000000003 0.5115 0.0235 0.06966666666666667
0 0.433625 0.48033333333333333 0.03425 0.07533333333333334
0 0.50125 0.4105 0.0195 0.09433333333333332
0 0.484 0.3815 0.027 0.027
0 0.551875 0.43766666666666665 0.02725 0.04933333333333333
0 0.515625 0.3828333333333333 0.01125 0.027
0 0.63125 0.45599999999999996 0.035500000000000004 0.076
0 0.69075 0.451 0.0155 0.03
0 0.696875 0.39666666666666667 0.03025 0.058666666666666666
0 0.97175 0.5155 0.0145 0.02033333333333333
0 0.949625 0.4935 0.01175 0.007
0 0.9021250000000001 0.47383333333333333 0.01575 0.017666666666666667
0 0.4815 0.5406666666666666 0.011 0.033999999999999996
0 0.486875 0.511 0.00575 0.016
