0 0.13112745098039216 0.502859477124183 0.03308823529411765 0.05228758169934641
0 0.1564031862745098 0.4740604575163399 0.03155637254901961 0.04779411764705883
0 0.16651348039215685 0.5390114379084967 0.03155637254901961 0.07393790849673203
0 0.24310661764705882 0.5083741830065359 0.015625 0.028186274509803922
0 0.26409313725490197 0.5488153594771242 0.031862745098039214 0.0559640522875817
0 0.2892156862745098 0.47181372549019607 0.031862745098039214 0.08741830065359478
0 0.36473651960784315 0.38643790849673204 0.03155637254901961 0.02696078431372549
0 0.37683823529411764 0.5610702614379085 0.03799019607843137 0.0886437908496732
0 0.40609681372549017 0.5206290849673203 0.03278186274509804 0.10089869281045752
0 0.4362745098039216 0.4959150326797386 0.03982843137254902 0.11111111111111112
0 0.4814644607843137 0.47814542483660133 0.03462009803921569 0.07148692810457516
0 0.5263480392156863 0.460171568627451 0.016544117647058824 0.03390522875816994
0 0.3792892156862745 0.43504901960784315 0.015931372549019607 0.029411764705882353
0 0.6818321078431372 0.4593545751633987 0.043198529411764705 0.10008169934640523
0 0.6521139705882353 0.42116013071895425 0.02542892156862745 0.05310457516339869
0 0.7345281862745098 0.43566176470588236 0.02542892156862745 0.03145424836601307
0 0.8206188725490196 0.4311683006535948 0.027879901960784312 0.04044117647058824
