0 0.04396446078431372 0.4348447712418301 0.04381127450980392 0.030637254901960786
0 0.003982843137254902 0.4965277777777778 0.007965686274509803 0.01838235294117647
0 0.008731617647058824 0.4411764705882353 0.017463235294117647 0.02777777777777778
0 0.04825367647058824 0.4675245098039216 0.015625 0.034722222222222224
0 0.08777573529411764 0.4528186274509804 0.02420343137254902 0.024101307189542485
0 0.1168811274509804 0.4448529411764706 0.0272671568627451 0.08986928104575163
0 0.15073529411764705 0.4746732026143791 0.044730392156862746 0.06535947712418301
0 0.19117647058823528 0.5633169934640523 0.03860294117647059 0.08741830065359478
0 0.2153799019607843 0.516748366013072 0.03860294117647059 0.024509803921568627
0 0.2783394607843137 0.5114379084967321 0.04136029411764706 0.05065359477124183
0 0.2814031862745098 0.5739379084967321 0.03952205882352941 0.0857843137254902
0 0.3135723039215686 0.5251225490196079 0.0389093137254902 0.08946078431372549
0 0.3428308823529412 0.5224673202614379 0.027573529411764705 0.04493464052287582
0 0.4690563725490196 0.47875816993464054 0.017769607843137254 0.022058823529411766
0 0.47962622549019607 0.3457924836601307 0.024816176470588234 0.030637254901960786
0 0.5742953431372549 0.41401143790849676 0.019301470588235295 0.02573529411764706
0 0.5854779411764706 0.5053104575163399 0.025122549019607844 0.06209150326797386
0 0.6459865196078431 0.43014705882352944 0.01807598039215686 0.07107843137254902
0 0.6573223039215687 0.5104166666666666 0.050551470588235295 0.10253267973856209
0 0.7613357843137255 0.47508169934640526 0.042279411764705885 0.04575163398692811
0 0.8065257352941176 0.4761029411764706 0.049938725490196074 0.07883986928104575
0 0.7878370098039216 0.5261437908496732 0.04442401960784314 0.07516339869281045
0 0.8458946078431372 0.4603758169934641 0.04963235294117647 0.09313725490196079
0 0.8740808823529411 0.48141339869281047 0.02696078431372549 0.07066993464052287
0 0.9145220588235294 0.4636437908496732 0.028186274509803922 0.03839869281045752
0 0.8772977941176471 0.4334150326797386 0.017463235294117647 0.02777777777777778
