0 0.13125 0.46016666666666667 0.039 0.028333333333333332
0 0.206625 0.4875 0.02125 0.03766666666666667
0 0.233625 0.4668333333333333 0.014750000000000001 0.01633333333333333
0 0.240125 0.41633333333333333 0.02225 0.04533333333333333
0 0.28175 0.5236666666666666 0.022 0.064
0 0.36375 0.5478333333333333 0.023 0.045
0 0.39575 0.5215 0.019 0.036333333333333336
0 0.42075 0.5335 0.025 0.039
0 0.423875 0.48566666666666664 0.01675 0.013333333333333332
0 0.31825000000000003 0.421 0.028 0.041999999999999996
0 0.385625 0.451 0.03625 0.07266666666666667
0 0.393625 0.39599999999999996 0.02325 0.03666666666666667
0 0.441875 0.39649999999999996 0.01525 0.03833333333333333
0 0.373125 0.325 0.01825 0.028
0 0.502625 0.4365 0.01575 0.033
0 0.533875 0.42783333333333334 0.02625 0.059
0 0.605125 0.48216666666666663 0.02925 0.041666666666666664
0 0.597875 0.42416666666666664 0.01875 0.033666666666666664
0 0.680625 0.48716666666666664 0.01975 0.019
0 0.758625 0.415 0.02875 0.05333333333333333
0 0.759375 0.47916666666666663 0.04425 0.07833333333333332
0 0.76475 0.5386666666666666 0.02 0.022666666666666665
0 0.788125 0.4731666666666666 0.01025 0.01633333333333333
0 0.84675 0.49716666666666665 0.0195 0.024999999999999998
0 0.849625 0.5346666666666666 0.02425 0.044
0 0.853375 0.5691666666666666 0.017750000000000002 0.027666666666666666
0 0.869375 0.434 0.02525 0.017333333333333333
0 0.892 0.46166666666666667 0.037 0.036
0 0.949375 0.45466666666666666 0.012750000000000001 0.02733333333333333
0 0.9395 0.36083333333333334 0.025 0.026333333333333334
