0 0.032366071428571425 0.49371693121693117 0.01066468253968254 0.018518518518518517
0 0.011904761904761904 0.43816137566137564 0.023809523809523808 0.05026455026455026
0 0.05344742063492063 0.462797619047619 0.044394841269841265 0.07837301587301587
0 0.009796626984126984 0.36177248677248675 0.019593253968253968 0.02447089947089947
0 0.010168650793650792 0.33300264550264547 0.020337301587301584 0.01455026455026455
0 0.04476686507936508 0.3561507936507936 0.03249007936507936 0.03968253968253968
0 0.026785714285714284 0.3267195767195767 0.03224206349206349 0.04034391534391534
0 0.0625 0.3196097883597883 0.0625 0.05588624338624339
0 0.12326388888888888 0.42873677248677244 0.03521825396825397 0.04728835978835978
0 0.14285714285714285 0.4551917989417989 0.01488095238095238 0.011574074074074073
0 0.13777281746031744 0.38872354497354494 0.015625 0.028108465608465607
0 0.13802083333333331 0.4072420634920635 0.034474206349206345 0.03009259259259259
0 0.1650545634920635 0.41021825396825395 0.008680555555555556 0.00958994708994709
0 0.17745535714285712 0.4115410052910053 0.008184523809523808 0.014219576719576719
0 0.15240575396825395 0.5471230158730158 0.007192460317460317 0.018849206349206348
0 0.16728670634920634 0.5902777777777778 0.023561507936507936 0.05357142857142857
0 0.2163938492063492 0.4444444444444444 0.020089285714285712 0.03373015873015873
0 0.19394841269841268 0.49636243386243384 0.023313492063492064 0.031746031746031744
0 0.21651785714285712 0.5401785714285714 0.03819444444444444 0.06316137566137565
0 0.2449156746031746 0.5646494708994708 0.021081349206349204 0.03736772486772487
0 0.24863591269841268 0.50380291005291 0.028521825396825396 0.05853174603174603
0 0.2745535714285714 0.49537037037037035 0.03125 0.062169312169312166
0 0.2589285714285714 0.46312830687830686 0.016369047619047616 0.020833333333333332
0 0.2392113095238095 0.4689153439153439 0.027529761904761904 0.021164021164021163
0 0.2666170634920635 0.6030092592592592 0.020833333333333332 0.04662698412698413
0 0.2899305555555555 0.6021825396825397 0.026289682539682536 0.07671957671957672
0 0.279265873015873 0.5438161375661376 0.029265873015873016 0.018187830687830687
0 0.3239087301587301 0.5539021164021164 0.025793650793650792 0.027116402116402115
0 0.30282738095238093 0.44940476190476186 0.05257936507936507 0.07473544973544974
0 0.3658234126984127 0.5152116402116402 0.04117063492063492 0.09457671957671956
0 0.35131448412698413 0.5428240740740741 0.018601190476190476 0.038029100529100524
0 0.3368055555555555 0.49636243386243384 0.01488095238095238 0.028439153439153438
0 0.37313988095238093 0.4604828042328042 0.01066468253968254 0.01951058201058201
0 0.3479662698412698 0.43799603174603174 0.037698412698412696 0.08432539682539682
0 0.46056547619047616 0.4603174603174603 0.022817460317460316 0.036375661375661374
0 0.4587053571428571 0.4851190476190476 0.0091765873015873 0.017195767195767195
0 0.456969246031746 0.42675264550264547 0.02802579365079365 0.03141534391534391
0 0.5060763888888888 0.5755621693121693 0.02802579365079365 0.05522486772486772
0 0.5230654761904762 0.5375330687830687 0.023809523809523808 0.06051587301587301
0 0.5285218253968254 0.3993055555555555 0.020833333333333332 0.026785714285714284
0 0.511532738095238 0.43105158730158727 0.006696428571428571 0.016865079365079364
0 0.4986359126984127 0.49884259259259256 0.006696428571428571 0.01025132275132275
0 0.5530753968253967 0.4482473544973545 0.007936507936507936 0.00958994708994709
0 0.5775049603174602 0.49966931216931215 0.015625 0.031084656084656083
0 0.5783730158730158 0.5229828042328042 0.00496031746031746 0.008267195767195767
0 0.5772569444444444 0.6087962962962963 0.028521825396825396 0.09457671957671956
0 0.638516865079365 0.6116071428571428 0.045882936507936505 0.1068121693121693
0 0.6571180555555555 0.521329365079365 0.04092261904761905 0.05654761904761904
0 0.6459573412698413 0.484292328042328 0.03844246031746031 0.026124338624338623
0 0.7185019841269841 0.6430224867724867 0.03125 0.08697089947089946
0 0.7046130952380952 0.5929232804232804 0.015873015873015872 0.023809523809523808
0 0.7258184523809523 0.5778769841269841 0.012152777777777776 0.03009259259259259
0 0.7253224206349206 0.5529100529100529 0.009672619047619048 0.022486772486772486
0 0.7118055555555555 0.5294312169312169 0.016369047619047616 0.027777777777777776
0 0.9206349206349206 0.5474537037037037 0.023313492063492064 0.059193121693121686
0 0.9737103174603174 0.582010582010582 0.03373015873015873 0.04034391534391534
0 0.9946676587301587 0.5901124338624338 0.010168650793650792 0.016865079365079364
0 0.9952876984126984 0.6183862433862434 0.008928571428571428 0.022486772486772486
0 0.9770585317460317 0.5150462962962963 0.027529761904761904 0.017526455026455025
0 0.9577132936507936 0.4925595238095238 0.02802579365079365 0.030753968253968252
