0 0.32874503968253965 0.4852843915343915 0.03149801587301587 0.07572751322751323
0 0.3523065476190476 0.5081018518518519 0.014632936507936508 0.07837301587301587
0 0.38268849206349204 0.48164682539682535 0.04513888888888889 0.053902116402116396
0 0.4091021825396825 0.4669312169312169 0.015625 0.0291005291005291
0 0.33568948412698413 0.4226190476190476 0.017609126984126984 0.03042328042328042
0 0.2569444444444444 0.4968584656084656 0.034722222222222224 0.07043650793650794
0 0.2269345238095238 0.4748677248677248 0.027777777777777776 0.0958994708994709
0 0.2065972222222222 0.4575066137566137 0.017361111111111112 0.04728835978835978
0 0.18167162698412698 0.47255291005291 0.029513888888888888 0.08862433862433862
0 0.154265873015873 0.4844576719576719 0.021825396825396824 0.031084656084656083
0 0.11520337301587301 0.5028108465608465 0.022073412698412696 0.04794973544973545
0 0.05022321428571428 0.4809854497354497 0.03695436507936508 0.059854497354497355
0 0.020461309523809524 0.5094246031746031 0.020089285714285712 0.03207671957671958
0 0.03311011904761905 0.550760582010582 0.016617063492063492 0.015542328042328041
0 0.01488095238095238 0.45238095238095233 0.02976190476190476 0.03439153439153439
0 0.5906498015873015 0.45138888888888884 0.024553571428571428 0.06084656084656084
0 0.6103670634920635 0.4887566137566137 0.01488095238095238 0.07275132275132275
0 0.6278521825396826 0.5059523809523809 0.016121031746031744 0.031746031746031744
0 0.6215277777777778 0.40707671957671954 0.02132936507936508 0.04298941798941799
0 0.6319444444444444 0.44262566137566134 0.016865079365079364 0.02546296296296296
0 0.6442212301587301 0.392526455026455 0.017113095238095236 0.036375661375661374
0 0.783110119047619 0.5171957671957672 0.027033730158730156 0.056878306878306875
0 0.8173363095238094 0.46494708994708994 0.021081349206349204 0.046957671957671955
