0 0.024429563492063492 0.5413359788359788 0.015625 0.012566137566137565
0 0.019593253968253968 0.49454365079365076 0.00992063492063492 0.013558201058201057
0 0.004216269841269841 0.49090608465608465 0.008432539682539682 0.026785714285714284
0 0.046750992063492064 0.4204695767195767 0.02058531746031746 0.018849206349206348
0 0.06845238095238095 0.43105158730158727 0.017361111111111112 0.015542328042328041
0 0.052703373015873016 0.45039682539682535 0.013144841269841268 0.01917989417989418
0 0.046750992063492064 0.48991402116402116 0.03149801587301587 0.038029100529100524
0 0.06361607142857142 0.5097552910052909 0.008184523809523808 0.021494708994708994
0 0.08556547619047619 0.5269510582010581 0.0248015873015873 0.06779100529100529
0 0.10801091269841269 0.4193121693121693 0.022569444444444444 0.042328042328042326
0 0.15029761904761904 0.45899470899470896 0.01240079365079365 0.017195767195767195
0 0.14322916666666666 0.4130291005291005 0.047371031746031744 0.08531746031746032
0 0.03831845238095238 0.44146825396825395 0.007688492063492063 0.009259259259259259
0 0.3271329365079365 0.4871031746031746 0.010912698412698412 0.013888888888888888
0 0.4640376984126984 0.4995039682539682 0.027281746031746032 0.05257936507936507
0 0.44345238095238093 0.5081018518518519 0.01984126984126984 0.020833333333333332
0 0.5729166666666666 0.4474206349206349 0.013392857142857142 0.015873015873015872
0 0.5845734126984127 0.4829695767195767 0.024305555555555552 0.03538359788359788
0 0.625 0.5125661375661376 0.019345238095238096 0.0496031746031746
0 0.6529017857142857 0.5246362433862434 0.021577380952380952 0.04927248677248677
0 0.7564484126984127 0.5264550264550264 0.011408730158730158 0.012566137566137565
0 0.7560763888888888 0.5515873015873015 0.008184523809523808 0.016534391534391533
0 0.7847222222222222 0.5297619047619048 0.016369047619047616 0.015873015873015872
0 0.7855902777777777 0.5084325396825397 0.013144841269841268 0.012896825396825396
0 0.8772321428571428 0.5830026455026455 0.008432539682539682 0.011904761904761904
0 0.9228670634920635 0.4464285714285714 0.03968253968253968 0.08994708994708994
