0 0.01277281746031746 0.43270502645502645 0.008184523809523808 0.010912698412698412
0 0.005084325396825396 0.4905753968253968 0.010168650793650792 0.017526455026455025
0 0.03435019841269841 0.48478835978835977 0.04786706349206349 0.07142857142857142
0 0.07601686507936507 0.44593253968253965 0.023561507936507936 0.040013227513227514
0 0.10925099206349206 0.4808201058201058 0.017609126984126984 0.028439153439153438
0 0.12053571428571427 0.45353835978835977 0.03273809523809523 0.026124338624338623
0 0.17956349206349206 0.4708994708994709 0.06845238095238095 0.05555555555555555
0 0.3368055555555555 0.46742724867724866 0.03869047619047619 0.08101851851851852
0 0.40451388888888884 0.4786706349206349 0.04067460317460317 0.10747354497354497
0 0.4125744047619047 0.4203042328042328 0.017113095238095236 0.013227513227513227
0 0.43439980158730157 0.4794973544973545 0.024553571428571428 0.09854497354497355
0 0.4410962301587301 0.5522486772486772 0.022569444444444444 0.04563492063492063
0 0.4766865079365079 0.5360449735449735 0.04662698412698413 0.10383597883597884
0 0.5290178571428571 0.4356812169312169 0.01984126984126984 0.018187830687830687
0 0.5519593253968254 0.48693783068783064 0.03695436507936508 0.08366402116402116
0 0.552579365079365 0.5608465608465608 0.03422619047619047 0.09854497354497355
0 0.534970238095238 0.3874007936507936 0.014384920634920634 0.012896825396825396
0 0.5234375 0.37136243386243384 0.011160714285714284 0.017857142857142856
0 0.5589037698412698 0.39649470899470896 0.026537698412698412 0.02976190476190476
0 0.5979662698412698 0.44163359788359785 0.011408730158730158 0.01951058201058201
0 0.6470734126984127 0.48363095238095233 0.03373015873015873 0.038029100529100524
0 0.6474454365079365 0.5355489417989417 0.03298611111111111 0.06514550264550265
0 0.7925347222222222 0.4844576719576719 0.030009920634920632 0.04431216931216931
0 0.9224950396825397 0.48693783068783064 0.025049603174603172 0.04199735449735449
