0 0.063875 0.47933333333333333 0.06425 0.11
0 0.154125 0.5906666666666667 0.01625 0.08
0 0.1855 0.5636666666666666 0.012 0.016
0 0.33725 0.5473333333333333 0.0465 0.042666666666666665
0 0.373875 0.5988333333333333 0.01525 0.022333333333333334
0 0.302 0.507 0.0225 0.035333333333333335
0 0.291 0.4651666666666667 0.014 0.04633333333333333
0 0.3245 0.4613333333333333 0.021 0.06066666666666667
0 0.355125 0.4528333333333333 0.03175 0.020999999999999998
0 0.43012500000000004 0.46849999999999997 0.03775 0.024999999999999998
0 0.448625 0.4965 0.01875 0.029666666666666664
0 0.460625 0.42433333333333334 0.03925 0.03333333333333333
0 0.50025 0.5646666666666667 0.0315 0.028
0 0.49725 0.49183333333333334 0.014 0.034333333333333334
0 0.51225 0.4928333333333333 0.0115 0.045
0 0.5397500000000001 0.492 0.0185 0.02733333333333333
0 0.53025 0.5538333333333333 0.0055 0.020999999999999998
0 0.557125 0.5479999999999999 0.04225 0.08266666666666667
0 0.6118750000000001 0.4568333333333333 0.02525 0.018333333333333333
0 0.635375 0.48366666666666663 0.00675 0.026666666666666665
0 0.615375 0.5066666666666666 0.01225 0.020666666666666667
0 0.630125 0.6028333333333333 0.021750000000000002 0.05366666666666667
0 0.664125 0.5243333333333333 0.035750000000000004 0.035333333333333335
0 0.690875 0.5648333333333333 0.04475 0.08766666666666667
0 0.678125 0.45699999999999996 0.02775 0.016666666666666666
0 0.6667500000000001 0.4805 0.0115 0.027
0 0.767 0.6186666666666667 0.0245 0.06266666666666666
0 0.777375 0.5786666666666667 0.00725 0.014666666666666666
0 0.826375 0.6101666666666666 0.01825 0.03166666666666666
0 0.862625 0.6015 0.010750000000000001 0.02033333333333333
0 0.843875 0.7444999999999999 0.02525 0.024333333333333332
