0 0.0033482142857142855 0.29596560846560843 0.006696428571428571 0.027777777777777776
0 0.016369047619047616 0.4793320105820106 0.020833333333333332 0.03207671957671958
0 0.12921626984126983 0.4236111111111111 0.023809523809523808 0.07738095238095238
0 0.1447172619047619 0.4841269841269841 0.02901785714285714 0.04298941798941799
0 0.15736607142857142 0.4226190476190476 0.026041666666666664 0.08068783068783068
0 0.5400545634920635 0.3263888888888889 0.03546626984126984 0.04298941798941799
0 0.576016865079365 0.32258597883597884 0.03943452380952381 0.04596560846560846
0 0.5931299603174602 0.3639219576719577 0.05084325396825397 0.06911375661375661
0 0.6324404761904762 0.34093915343915343 0.05357142857142857 0.08267195767195767
0 0.585813492063492 0.4388227513227513 0.026785714285714284 0.02976190476190476
0 0.6433531746031745 0.5166997354497355 0.016369047619047616 0.045304232804232805
0 0.6614583333333333 0.5557208994708994 0.031746031746031744 0.04596560846560846
0 0.7028769841269841 0.5651455026455026 0.04216269841269841 0.08002645502645503
0 0.7269345238095237 0.4143518518518518 0.023313492063492064 0.02447089947089947
0 0.7188740079365079 0.34788359788359785 0.025049603174603172 0.0291005291005291
0 0.769593253968254 0.45800264550264547 0.04464285714285714 0.06613756613756613
0 0.8382936507936507 0.4844576719576719 0.00992063492063492 0.021164021164021163
0 0.8551587301587301 0.535218253968254 0.017857142857142856 0.02017195767195767
0 0.8368055555555555 0.36243386243386244 0.023313492063492064 0.03042328042328042
0 0.8268849206349206 0.32622354497354494 0.012896825396825396 0.020833333333333332
0 0.8469742063492063 0.4098875661375661 0.031746031746031744 0.04133597883597884
0 0.8890128968253967 0.291005291005291 0.014632936507936508 0.01521164021164021
0 0.9440724206349206 0.33664021164021163 0.06324404761904762 0.027116402116402115
0 0.9494047619047619 0.37119708994708994 0.049107142857142856 0.04133597883597884
0 0.9094742063492063 0.38673941798941797 0.00992063492063492 0.022156084656084655
0 0.9247271825396824 0.41352513227513227 0.026041666666666664 0.016203703703703703
0 0.9902033730158729 0.3819444444444444 0.01909722222222222 0.08399470899470898
0 0.015749007936507936 0.5998677248677249 0.03149801587301587 0.047619047619047616
