0 0.07142857142857142 0.28538359788359785 0.033234126984126984 0.0291005291005291
0 0.03943452380952381 0.2605820105820106 0.013888888888888888 0.032407407407407406
0 0.04600694444444444 0.238260582010582 0.002232142857142857 0.007605820105820105
0 0.07093253968253968 0.24652777777777776 0.03720238095238095 0.05522486772486772
0 0.07911706349206349 0.3138227513227513 0.018849206349206348 0.03439153439153439
0 0.14434523809523808 0.3812830687830688 0.060019841269841265 0.09523809523809523
0 0.24714781746031744 0.27910052910052907 0.005704365079365079 0.005291005291005291
0 0.26587301587301587 0.2858796296296296 0.022817460317460316 0.026124338624338623
0 0.29501488095238093 0.2795965608465608 0.005208333333333333 0.01488095238095238
0 0.2864583333333333 0.3134920634920635 0.026289682539682536 0.023809523809523808
0 0.32762896825396826 0.3743386243386243 0.0367063492063492 0.04298941798941799
0 0.43799603174603174 0.33052248677248675 0.0798611111111111 0.09623015873015872
0 0.5493551587301587 0.3680555555555555 0.04464285714285714 0.10780423280423279
0 0.6860119047619048 0.30770502645502645 0.0496031746031746 0.09226190476190475
0 0.8994295634920635 0.3341600529100529 0.04985119047619047 0.09358465608465608
0 0.9342757936507936 0.4194775132275132 0.037698412698412696 0.07705026455026455
0 0.7477678571428571 0.2911706349206349 0.025793650793650792 0.06646825396825397
