0 0.15823412698412698 0.34259259259259256 0.04811507936507936 0.08333333333333333
0 0.19915674603174602 0.3414351851851852 0.023313492063492064 0.027447089947089946
0 0.22557043650793648 0.49718915343915343 0.027529761904761904 0.0796957671957672
0 0.24466765873015872 0.37351190476190477 0.024553571428571428 0.018187830687830687
0 0.267609126984127 0.39203042328042326 0.020337301587301584 0.026785714285714284
0 0.2932787698412698 0.40707671957671954 0.026041666666666664 0.06812169312169311
0 0.34784226190476186 0.33498677248677244 0.018601190476190476 0.023148148148148147
0 0.31882440476190477 0.2951388888888889 0.011160714285714284 0.015542328042328041
0 0.36706349206349204 0.27414021164021163 0.015873015873015872 0.023148148148148147
0 0.3759920634920635 0.33564814814814814 0.03621031746031746 0.08928571428571427
0 0.4229910714285714 0.3186177248677248 0.02802579365079365 0.0333994708994709
0 0.43266369047619047 0.3480489417989418 0.006696428571428571 0.0248015873015873
0 0.43563988095238093 0.43716931216931215 0.04241071428571428 0.0873015873015873
0 0.4792906746031746 0.43369708994708994 0.009672619047619048 0.022156084656084655
0 0.4905753968253968 0.4031084656084656 0.00992063492063492 0.023809523809523808
0 0.4481646825396825 0.33465608465608465 0.018849206349206348 0.06613756613756613
0 0.47891865079365076 0.3187830687830688 0.04216269841269841 0.041005291005291
0 0.5126488095238095 0.36078042328042326 0.05505952380952381 0.0734126984126984
0 0.49813988095238093 0.27910052910052907 0.028521825396825396 0.07275132275132275
0 0.525421626984127 0.27480158730158727 0.05034722222222222 0.08465608465608465
0 0.579861111111111 0.4012896825396825 0.015873015873015872 0.018187830687830687
0 0.5923859126984127 0.26868386243386244 0.022073412698412696 0.03141534391534391
0 0.6411210317460317 0.3020833333333333 0.05257936507936507 0.11078042328042327
0 0.7177579365079365 0.32688492063492064 0.0744047619047619 0.14054232804232802
0 0.7564484126984127 0.3508597883597883 0.00744047619047619 0.022486772486772486
0 0.7725694444444444 0.34672619047619047 0.0183531746031746 0.030753968253968252
0 0.8087797619047619 0.2437169312169312 0.014384920634920634 0.021164021164021163
0 0.8656994047619048 0.2478505291005291 0.05034722222222222 0.08167989417989417
0 0.9816468253968254 0.17824074074074073 0.03621031746031746 0.046957671957671955
0 0.523313492063492 0.11689814814814814 0.01984126984126984 0.028108465608465607
0 0.5871775793650793 0.12913359788359788 0.011160714285714284 0.014219576719576719
