0 0.008060515873015872 0.46527777777777773 0.016121031746031744 0.06547619047619047
0 0.03211805555555555 0.3855820105820106 0.04092261904761905 0.08928571428571427
0 0.0033482142857142855 0.3543320105820106 0.006696428571428571 0.01488095238095238
0 0.24330357142857142 0.15575396825396826 0.01240079365079365 0.016534391534391533
0 0.2677331349206349 0.2769510582010582 0.01909722222222222 0.02546296296296296
0 0.3100198412698413 0.32407407407407407 0.053075396825396824 0.042328042328042326
0 0.32862103174603174 0.38442460317460314 0.04265873015873016 0.05654761904761904
0 0.3736359126984127 0.46164021164021163 0.007192460317460317 0.00992063492063492
0 0.3689236111111111 0.3986441798941799 0.03645833333333333 0.0658068783068783
0 0.35317460317460314 0.3579695767195767 0.028769841269841268 0.03869047619047619
0 0.38430059523809523 0.34540343915343913 0.05034722222222222 0.053902116402116396
0 0.41840277777777773 0.33895502645502645 0.03373015873015873 0.041005291005291
0 0.4226190476190476 0.3098544973544973 0.01488095238095238 0.01521164021164021
0 0.42013888888888884 0.3725198412698412 0.020833333333333332 0.02414021164021164
0 0.4186507936507936 0.3976521164021164 0.00496031746031746 0.010912698412698412
0 0.4427083333333333 0.3784722222222222 0.03571428571428571 0.07109788359788359
0 0.439484126984127 0.3472222222222222 0.00992063492063492 0.018518518518518517
0 0.4645337301587301 0.40079365079365076 0.05505952380952381 0.15806878306878305
0 0.49206349206349204 0.3778108465608465 0.016865079365079364 0.07242063492063491
0 0.4970238095238095 0.33300264550264547 0.011904761904761904 0.023809523809523808
0 0.5925099206349206 0.42658730158730157 0.0496031746031746 0.12037037037037036
0 0.5791170634920635 0.35565476190476186 0.03273809523809523 0.0796957671957672
0 0.5580357142857143 0.29596560846560843 0.013888888888888888 0.026455026455026454
0 0.5627480158730158 0.3333333333333333 0.003472222222222222 0.017195767195767195
0 0.6490575396825397 0.23859126984126983 0.005952380952380952 0.01025132275132275
0 0.6467013888888888 0.2488425925925926 0.015128968253968252 0.014219576719576719
0 0.6552579365079365 0.27116402116402116 0.03720238095238095 0.042328042328042326
0 0.659970238095238 0.3186177248677248 0.012896825396825396 0.023478835978835978
0 0.6848958333333333 0.37896825396825395 0.01909722222222222 0.031746031746031744
0 0.7058531746031745 0.3579695767195767 0.008928571428571428 0.006944444444444444
0 0.7384672619047619 0.38525132275132273 0.06125992063492063 0.10780423280423279
0 0.7405753968253967 0.3179563492063492 0.015376984126984126 0.016865079365079364
0 0.7759176587301587 0.341765873015873 0.006696428571428571 0.007605820105820105
0 0.7932787698412698 0.375 0.0339781746031746 0.04034391534391534
0 0.9361359126984127 0.4037698412698412 0.004712301587301587 0.006613756613756613
0 0.9097222222222222 0.4260912698412698 0.041666666666666664 0.0744047619047619
0 0.9211309523809523 0.47205687830687826 0.04712301587301587 0.09424603174603174
0 0.9781746031746031 0.392526455026455 0.0183531746031746 0.0205026455026455
0 0.9866071428571428 0.43716931216931215 0.026289682539682536 0.09986772486772486
