0 0.047619047619047616 0.5059523809523809 0.04067460317460317 0.0734126984126984
0 0.18675595238095238 0.45568783068783064 0.0367063492063492 0.03835978835978836
0 0.6516617063492063 0.5335648148148148 0.04786706349206349 0.11276455026455026
0 0.6139632936507936 0.5418320105820106 0.02802579365079365 0.028108465608465607
0 0.6765873015873015 0.41633597883597884 0.030257936507936505 0.12037037037037036
0 0.7335069444444444 0.44692460317460314 0.03993055555555555 0.0367063492063492
0 0.7309027777777778 0.5461309523809523 0.017361111111111112 0.01951058201058201
0 0.7325148809523809 0.5049603174603174 0.02058531746031746 0.02976190476190476
0 0.8236607142857142 0.5047949735449735 0.049107142857142856 0.04596560846560846
0 0.9410962301587301 0.4895833333333333 0.07762896825396826 0.09226190476190475
0 0.9050099206349206 0.3999669312169312 0.04216269841269841 0.06779100529100529
0 0.9898313492063492 0.4464285714285714 0.01984126984126984 0.09126984126984126
