0 0.032125 0.5813333333333334 0.03425 0.030666666666666665
0 0.050875000000000004 0.6433333333333333 0.02375 0.062
0 0.037125 0.49083333333333334 0.06675 0.06833333333333333
0 0.11800000000000001 0.4775 0.032 0.06433333333333333
0 0.12725 0.5506666666666666 0.0525 0.07266666666666667
0 0.27025 0.534 0.0335 0.038
0 0.257 0.5843333333333333 0.0365 0.05933333333333333
0 0.29862500000000003 0.5569999999999999 0.01975 0.014
0 0.473375 0.5156666666666666 0.025750000000000002 0.07933333333333333
0 0.5171250000000001 0.5183333333333333 0.012750000000000001 0.022666666666666665
0 0.545375 0.5598333333333333 0.05625 0.059666666666666666
0 0.5855 0.4963333333333333 0.0415 0.08333333333333333
0 0.63975 0.519 0.0195 0.07933333333333333
0 0.707 0.5148333333333334 0.0525 0.123
0 0.743375 0.49916666666666665 0.02725 0.091
0 0.887125 0.5358333333333333 0.04725 0.09766666666666667
0 0.95325 0.5058333333333334 0.0365 0.06033333333333333
