0 0.01975 0.6883333333333334 0.0395 0.074
0 0.058625000000000003 0.7394999999999999 0.04675 0.103
0 0.09775 0.6433333333333333 0.0475 0.057999999999999996
0 0.04475 0.618 0.053 0.078
0 0.321625 0.5875 0.06825 0.10633333333333334
0 0.349875 0.706 0.04725 0.09066666666666666
0 0.40075 0.6253333333333333 0.054 0.12466666666666666
0 0.44525000000000003 0.5746666666666667 0.0385 0.10866666666666666
0 0.3655 0.4756666666666666 0.07100000000000001 0.064
0 0.5235 0.589 0.0415 0.07866666666666666
0 0.5735 0.45649999999999996 0.025500000000000002 0.09233333333333334
0 0.661125 0.5783333333333334 0.02925 0.07666666666666666
0 0.603375 0.5255 0.04775 0.06366666666666666
0 0.63075 0.22583333333333333 0.0195 0.024333333333333332
