0 0.034875 0.6043333333333333 0.035250000000000004 0.03266666666666666
0 0.00975 0.6656666666666666 0.006 0.005333333333333333
0 0.07425 0.6106666666666667 0.0395 0.03333333333333333
0 0.076875 0.6646666666666666 0.03825 0.074
0 0.09175 0.6346666666666666 0.0245 0.028
0 0.110625 0.6301666666666667 0.02075 0.034999999999999996
0 0.10237500000000001 0.6043333333333333 0.0032500000000000003 0.014
0 0.111625 0.6876666666666666 0.04725 0.088
0 0.129125 0.597 0.02325 0.048666666666666664
0 0.1515 0.6061666666666666 0.031 0.041
0 0.179875 0.6048333333333333 0.01725 0.04633333333333333
0 0.205875 0.6421666666666667 0.04775 0.10633333333333334
0 0.18762500000000001 0.6639999999999999 0.03325 0.07733333333333334
0 0.30575 0.5806666666666667 0.027 0.066
0 0.29712500000000003 0.6168333333333333 0.029750000000000002 0.071
0 0.26987500000000003 0.5925 0.02775 0.025666666666666667
0 0.256 0.6223333333333333 0.037 0.034666666666666665
0 0.28375 0.6415 0.0475 0.08833333333333333
0 0.335 0.5466666666666666 0.043500000000000004 0.057999999999999996
0 0.354375 0.5148333333333334 0.01875 0.033666666666666664
0 0.418875 0.6961666666666666 0.04575 0.109
0 0.513125 0.5973333333333333 0.029750000000000002 0.04466666666666667
0 0.51275 0.6768333333333333 0.035 0.06899999999999999
0 0.74675 0.4528333333333333 0.012 0.012333333333333333
0 0.6085 0.6281666666666667 0.0265 0.07166666666666667
0 0.630125 0.6406666666666666 0.04425 0.08533333333333333
0 0.7917500000000001 0.5998333333333333 0.0315 0.07966666666666666
0 0.814875 0.6214999999999999 0.035750000000000004 0.09166666666666666
0 0.855625 0.5506666666666666 0.02725 0.04133333333333333
0 0.898375 0.5663333333333334 0.035250000000000004 0.082
0 0.900625 0.6255 0.01925 0.07033333333333333
0 0.9275 0.6016666666666667 0.045 0.07733333333333334
0 0.961875 0.5998333333333333 0.03175 0.075
0 0.936875 0.6501666666666667 0.02525 0.056999999999999995
0 0.983 0.599 0.0335 0.10266666666666667
