0 0.032625 0.5256666666666666 0.04425 0.06533333333333333
0 0.054375 0.5738333333333333 0.014750000000000001 0.026333333333333334
0 0.10625 0.572 0.025 0.05466666666666666
0 0.135375 0.6745 0.043250000000000004 0.091
0 0.172625 0.6295 0.043250000000000004 0.04033333333333333
0 0.23575000000000002 0.657 0.0445 0.14733333333333332
0 0.28800000000000003 0.6333333333333333 0.065 0.09333333333333332
0 0.439875 0.6054999999999999 0.01975 0.022333333333333334
0 0.44525000000000003 0.4751666666666666 0.029 0.033666666666666664
0 0.57125 0.6073333333333333 0.021 0.038
0 0.594625 0.5876666666666667 0.01125 0.013333333333333332
0 0.55175 0.5405 0.0125 0.026333333333333334
0 0.566875 0.5218333333333334 0.01225 0.021666666666666667
0 0.625875 0.5211666666666667 0.012750000000000001 0.020999999999999998
0 0.646875 0.5466666666666666 0.00775 0.024
0 0.65925 0.6328333333333334 0.036000000000000004 0.119
0 0.622375 0.6171666666666666 0.00825 0.06366666666666666
0 0.768375 0.598 0.04275 0.056666666666666664
0 0.799125 0.6571666666666667 0.04625 0.077
0 0.8035 0.6073333333333333 0.0195 0.022
0 0.873375 0.5871666666666666 0.06875 0.09633333333333333
0 0.9353750000000001 0.5926666666666667 0.03175 0.03733333333333333
0 0.91925 0.7106666666666667 0.0145 0.019333333333333334
0 0.32775 0.45799999999999996 0.0085 0.016666666666666666
